x = [	
		[151.765,47.8256065],
		[139.7,36.4858065],
		[136.525,31.864838],
		[156.845,53.0419145],
		[145.415,41.276872],
		[163.83,62.992589],
		[149.225,38.2434755],
		[168.91,55.4799715],
		[147.955,34.869885],
		[165.1,54.487739],
		[154.305,49.89512],
		[151.13,41.220173],
		[144.78,36.0322145],
		[149.9,47.7],
		[150.495,33.849303],
		[163.195,48.5626935],
		[157.48,42.3258035],
		[143.9418,38.3568735],
		[121.92,19.617854],
		[105.41,13.947954],
		[16.36,10.489315],
		[161.29,48.987936],
		[156.21,42.7226965],
		[129.54,23.586784],
		[109.22,15.989118],
		[146.4,35.493574],
		[148.59,37.9032815],
		[147.32,35.4652245],
		[137.16,27.328918],
		[125.73,22.6796]
		];

y = [1,0,0,1,0,1,0,1,0,1,0,1,0,0,0,1,1,0,1,0,0,1,0,1,0,1,0,0,1,0];

/*
dataset = [[2.7810836,2.550537003],
		    [1.465489372,2.362125076],
		    [3.396561688,4.400293529],
		    [1.38807019,1.850220317],
		    [3.06407232,3.005305973],
		    [7.627531214,2.759262235],
		    [5.332441248,2.088626775],
		    [6.922596716,1.77106367],
		    [8.675418651,-0.242068655],
		    [7.673756466,3.508563011]];

datasetY = [0,0,0,0,0,1,1,1,1,1];
*/

